k = 1, limit = 500
	0	1	2	3	4	5	6	7	8	9
------------------------------------------------------------------------------------------
0:	924	0	9	1	2	14	23	3	1	14
1:	0	1053	3	1	0	1	0	5	1	0
2:	14	56	797	18	7	2	4	51	32	9
3:	7	12	11	872	3	61	5	9	24	26
4:	0	24	1	0	780	1	6	26	2	143
5:	26	16	1	81	9	664	32	9	37	40
6:	20	16	8	0	25	12	876	1	5	4
7:	0	32	3	1	11	0	0	954	1	88
8:	16	45	17	55	8	48	14	17	723	66
9:	7	7	3	14	69	5	5	36	0	815
k = 2, limit = 500
	0	1	2	3	4	5	6	7	8	9
------------------------------------------------------------------------------------------
0:	881	7	6	26	4	7	8	2	4	3
1:	0	1044	1	3	5	0	2	1	0	0
2:	4	55	635	14	25	46	4	23	11	2
3:	1	8	8	770	79	18	23	13	9	12
4:	0	16	0	2	639	8	3	4	10	74
5:	7	10	0	44	98	489	31	53	7	11
6:	7	13	6	17	16	36	815	5	0	0
7:	0	23	1	0	16	9	5	801	138	44
8:	2	32	7	33	15	24	27	14	565	36
9:	4	6	2	7	34	8	8	14	61	707
k = 3, limit = 500
	0	1	2	3	4	5	6	7	8	9
------------------------------------------------------------------------------------------
0:	910	1	9	1	5	17	26	6	2	14
1:	0	1051	2	2	1	5	0	3	0	0
2:	8	79	741	28	21	12	7	63	21	10
3:	5	17	8	883	4	52	6	10	27	18
4:	0	26	1	0	765	0	7	28	1	155
5:	22	21	1	82	13	660	34	14	25	43
6:	16	34	9	0	28	15	863	1	1	0
7:	1	42	2	1	9	3	0	937	0	95
8:	9	59	10	63	13	49	23	30	696	57
9:	6	8	2	14	60	6	5	54	1	805
k = 4, limit = 500
	0	1	2	3	4	5	6	7	8	9
------------------------------------------------------------------------------------------
0:	901	1	6	9	4	18	18	5	2	14
1:	0	1054	0	2	2	2	0	3	0	0
2:	8	86	681	18	20	14	5	41	21	15
3:	5	23	6	859	30	28	9	4	21	17
4:	0	28	0	1	695	2	3	5	4	114
5:	22	26	0	68	55	574	29	25	10	48
6:	15	28	7	7	25	17	841	0	1	0
7:	1	42	1	0	21	5	0	847	89	73
8:	12	64	6	50	11	18	18	15	650	61
9:	7	9	1	15	43	7	5	29	21	784
k = 5, limit = 500
	0	1	2	3	4	5	6	7	8	9
------------------------------------------------------------------------------------------
0:	901	0	13	0	2	25	29	7	3	11
1:	0	1053	1	2	1	4	0	3	0	0
2:	7	106	720	34	23	10	8	55	16	11
3:	8	28	5	885	2	45	5	6	22	24
4:	0	31	0	0	765	0	8	30	3	146
5:	23	30	0	82	20	638	33	15	22	52
6:	16	37	9	0	30	18	856	1	0	0
7:	1	48	2	3	4	1	0	931	0	100
8:	14	79	11	57	17	46	18	24	676	67
9:	7	11	1	14	50	3	7	71	4	793
k = 6, limit = 500
	0	1	2	3	4	5	6	7	8	9
------------------------------------------------------------------------------------------
0:	897	1	8	7	1	21	22	5	2	14
1:	0	1056	0	2	1	1	0	2	0	1
2:	7	118	671	28	24	10	5	41	18	11
3:	6	34	5	875	23	22	7	5	17	23
4:	0	33	0	0	704	4	4	12	2	123
5:	25	36	1	77	43	589	28	14	9	56
6:	13	36	11	5	23	21	838	1	1	0
7:	1	52	0	3	11	1	3	864	65	85
8:	11	85	8	58	24	12	21	19	635	72
9:	7	11	1	14	39	7	1	35	14	796
k = 7, limit = 500
	0	1	2	3	4	5	6	7	8	9
------------------------------------------------------------------------------------------
0:	898	1	13	0	0	23	33	6	2	15
1:	0	1055	0	2	1	2	0	4	0	0
2:	11	139	680	39	31	7	4	50	18	11
3:	5	39	5	894	3	27	3	5	22	27
4:	0	31	0	0	757	1	9	33	1	151
5:	27	37	1	86	23	614	30	14	22	61
6:	14	46	12	0	29	14	850	0	2	0
7:	1	56	1	2	11	2	0	905	1	111
8:	17	93	8	62	14	36	31	18	647	83
9:	7	14	1	12	46	5	6	53	4	813
k = 8, limit = 500
	0	1	2	3	4	5	6	7	8	9
------------------------------------------------------------------------------------------
0:	894	2	8	3	3	24	25	5	2	15
1:	0	1055	0	2	1	1	1	3	0	0
2:	9	146	654	31	26	11	5	39	14	16
3:	7	42	6	879	11	20	3	8	16	26
4:	0	32	0	0	711	5	10	16	1	134
5:	27	40	0	79	45	569	32	15	12	68
6:	11	46	12	5	29	21	831	0	2	0
7:	1	62	0	1	8	1	0	873	45	94
8:	16	100	5	52	18	22	21	16	621	86
9:	7	13	0	14	46	6	6	35	9	805
k = 9, limit = 500
	0	1	2	3	4	5	6	7	8	9
------------------------------------------------------------------------------------------
0:	895	2	12	1	2	29	27	4	1	18
1:	0	1057	1	2	1	0	0	2	0	1
2:	8	169	651	38	36	8	5	45	17	13
3:	6	46	6	880	3	35	3	4	19	28
4:	0	36	0	0	750	1	7	29	3	157
5:	28	43	0	90	23	602	33	11	10	75
6:	14	51	16	0	36	18	831	0	1	0
7:	1	65	0	1	7	2	1	905	0	108
8:	16	106	7	62	13	45	23	19	627	91
9:	7	16	0	13	50	3	7	47	3	815
k = 10, limit = 500
	0	1	2	3	4	5	6	7	8	9
------------------------------------------------------------------------------------------
0:	898	2	7	5	1	26	27	3	3	16
1:	0	1059	0	1	1	0	0	2	0	1
2:	9	174	635	33	33	10	4	39	16	16
3:	6	52	5	880	10	19	2	3	18	28
4:	0	38	0	0	714	7	6	16	1	140
5:	30	43	0	92	34	562	31	11	11	75
6:	13	55	11	1	32	20	825	0	1	0
7:	1	68	0	1	5	0	0	858	50	102
8:	17	118	6	59	19	26	26	15	604	86
9:	7	16	0	15	41	3	4	33	7	821
k = 11, limit = 500
	0	1	2	3	4	5	6	7	8	9
------------------------------------------------------------------------------------------
0:	894	3	7	3	3	31	27	4	2	17
1:	0	1059	0	1	1	0	0	2	0	1
2:	11	184	637	32	34	11	5	42	17	17
3:	7	58	5	881	4	23	1	5	20	26
4:	0	42	0	0	737	2	12	23	1	166
5:	29	47	0	109	22	572	27	13	16	80
6:	9	59	15	0	34	18	831	0	1	0
7:	1	68	0	1	4	1	1	892	1	121
8:	17	126	5	63	15	37	23	18	613	92
9:	8	16	0	13	46	2	5	51	1	819
k = 12, limit = 500
	0	1	2	3	4	5	6	7	8	9
------------------------------------------------------------------------------------------
0:	890	3	8	1	4	29	27	4	3	17
1:	0	1059	0	1	1	0	0	2	0	1
2:	9	190	617	33	34	8	6	36	17	18
3:	6	57	4	874	11	22	1	2	17	26
4:	0	41	0	0	722	1	10	11	1	154
5:	27	48	0	107	32	549	29	11	12	81
6:	8	62	14	3	33	18	822	0	1	0
7:	1	71	0	1	7	1	0	838	41	125
8:	18	129	4	61	20	28	22	16	589	92
9:	8	17	0	12	43	2	5	32	6	826
k = 13, limit = 500
	0	1	2	3	4	5	6	7	8	9
------------------------------------------------------------------------------------------
0:	889	3	8	1	2	33	31	4	3	17
1:	0	1059	0	1	1	0	0	2	0	1
2:	9	199	614	38	38	11	9	40	14	18
3:	6	66	4	874	6	20	3	6	20	25
4:	0	44	0	0	730	0	10	25	1	173
5:	29	51	0	115	20	552	28	12	18	90
6:	11	68	14	0	39	15	819	0	1	0
7:	1	74	0	1	10	3	1	849	2	149
8:	17	133	5	68	18	29	23	18	599	99
9:	6	17	1	14	43	3	8	44	1	824
k = 14, limit = 500
	0	1	2	3	4	5	6	7	8	9
------------------------------------------------------------------------------------------
0:	883	5	8	3	2	31	32	5	2	17
1:	0	1059	0	1	1	0	0	2	0	1
2:	9	207	608	36	30	9	8	37	16	18
3:	7	74	5	860	9	18	4	5	17	28
4:	0	42	0	0	713	2	12	15	0	160
5:	28	53	0	113	32	530	32	10	12	93
6:	9	71	13	1	35	15	814	0	1	0
7:	1	75	0	1	6	2	1	822	48	131
8:	15	138	3	63	24	20	20	17	577	109
9:	8	18	1	12	43	3	6	39	1	823
k = 15, limit = 500
	0	1	2	3	4	5	6	7	8	9
------------------------------------------------------------------------------------------
0:	884	5	6	2	5	32	33	4	2	18
1:	0	1059	0	1	1	0	0	2	0	1
2:	10	212	604	36	37	7	7	40	16	21
3:	7	79	3	859	5	21	3	7	18	28
4:	0	44	0	0	717	2	12	28	0	180
5:	30	56	0	120	16	538	30	13	17	95
6:	9	76	16	1	31	15	817	0	2	0
7:	1	77	0	1	9	3	0	843	4	152
8:	16	146	3	65	17	30	23	15	586	108
9:	8	19	0	12	48	2	5	48	0	819
k = 16, limit = 500
	0	1	2	3	4	5	6	7	8	9
------------------------------------------------------------------------------------------
0:	881	4	6	1	3	27	36	4	4	18
1:	0	1059	0	1	1	0	0	2	0	1
2:	9	216	587	37	33	10	9	38	16	23
3:	6	87	4	856	7	15	5	3	14	31
4:	0	48	0	0	702	2	11	14	0	176
5:	31	58	0	119	25	521	29	10	10	99
6:	9	81	13	2	29	13	815	0	1	0
7:	1	76	0	1	6	2	0	816	36	148
8:	17	150	4	60	20	19	15	18	567	116
9:	8	20	0	13	40	4	4	49	1	813
k = 17, limit = 500
	0	1	2	3	4	5	6	7	8	9
------------------------------------------------------------------------------------------
0:	882	5	5	0	6	32	34	4	5	18
1:	0	1060	0	0	1	0	0	2	0	1
2:	9	222	591	40	36	7	11	37	13	24
3:	7	91	4	852	5	19	2	5	16	29
4:	0	50	0	1	709	1	11	24	0	187
5:	33	63	0	123	27	516	27	11	13	102
6:	10	82	15	0	30	14	815	0	1	0
7:	1	80	0	1	12	2	0	826	1	167
8:	15	155	5	65	20	28	15	16	572	118
9:	8	20	0	12	50	1	5	40	0	825
k = 18, limit = 500
	0	1	2	3	4	5	6	7	8	9
------------------------------------------------------------------------------------------
0:	879	5	7	2	5	26	34	4	3	19
1:	0	1060	0	0	1	0	0	2	0	1
2:	10	233	572	35	35	7	9	35	15	24
3:	6	96	4	843	3	18	4	7	14	29
4:	0	51	0	0	692	1	9	16	0	186
5:	28	63	0	131	30	488	31	11	15	102
6:	9	85	15	0	31	13	808	0	1	0
7:	1	83	0	1	9	1	1	798	36	159
8:	15	162	4	67	17	22	17	15	556	121
9:	8	21	0	12	49	1	3	38	3	817
k = 19, limit = 500
	0	1	2	3	4	5	6	7	8	9
------------------------------------------------------------------------------------------
0:	877	6	7	0	5	32	39	4	2	19
1:	0	1060	0	0	1	0	0	2	0	1
2:	9	241	566	39	39	10	10	36	15	25
3:	6	102	5	839	4	18	1	7	18	30
4:	0	49	0	0	710	3	10	22	0	189
5:	32	65	0	137	25	491	31	14	14	106
6:	10	89	15	0	32	15	804	0	2	0
7:	1	81	0	1	9	2	0	822	0	174
8:	16	164	4	72	15	28	15	15	562	118
9:	7	22	0	11	49	1	4	45	1	821
k = 20, limit = 500
	0	1	2	3	4	5	6	7	8	9
------------------------------------------------------------------------------------------
0:	879	6	5	1	5	29	34	4	3	19
1:	0	1060	0	0	1	0	0	2	0	1
2:	10	249	556	31	40	7	10	39	16	24
3:	7	102	5	837	5	15	2	5	17	32
4:	0	52	0	0	684	2	11	21	0	192
5:	32	67	0	135	28	479	31	11	10	113
6:	8	89	17	0	30	16	802	0	2	0
7:	1	84	0	1	11	1	1	785	27	177
8:	16	167	4	70	21	19	17	13	544	125
9:	7	22	1	11	42	3	2	39	4	819
