k = 3, limit = 500
	0	1	2	3	4	5	6	7	8	9
------------------------------------------------------------------------------------------
0:	910	1	9	1	5	17	26	6	2	14
1:	0	1051	2	2	1	5	0	3	0	0
2:	8	79	741	28	21	12	7	63	21	10
3:	5	17	8	883	4	52	6	10	27	18
4:	0	26	1	0	765	0	7	28	1	155
5:	22	21	1	82	13	660	34	14	25	43
6:	16	34	9	0	28	15	863	1	1	0
7:	1	42	2	1	9	3	0	937	0	95
8:	9	59	10	63	13	49	23	30	696	57
9:	6	8	2	14	60	6	5	54	1	805
k = 3, limit = 1000
	0	1	2	3	4	5	6	7	8	9
------------------------------------------------------------------------------------------
0:	942	1	9	1	2	9	16	4	1	6
1:	0	1053	3	2	1	0	0	5	0	0
2:	12	40	817	14	10	9	8	65	8	7
3:	3	7	16	887	3	60	5	12	27	10
4:	1	23	1	0	791	3	9	27	2	126
5:	10	11	1	39	15	762	27	10	16	24
6:	11	14	5	1	11	8	916	1	0	0
7:	0	22	0	2	9	3	0	1018	0	36
8:	10	40	15	42	12	49	19	27	750	45
9:	4	7	2	11	37	9	4	63	2	822
k = 3, limit = 1500
	0	1	2	3	4	5	6	7	8	9
------------------------------------------------------------------------------------------
0:	943	1	9	4	3	11	14	3	0	3
1:	0	1053	3	1	1	0	0	6	0	0
2:	12	37	834	18	9	10	4	46	11	9
3:	2	6	12	896	2	55	4	11	33	9
4:	1	24	1	0	849	1	5	13	1	88
5:	9	9	1	33	5	789	27	15	10	17
6:	11	8	3	0	5	5	935	0	0	0
7:	0	28	0	1	8	2	0	1022	0	29
8:	9	41	11	33	6	34	19	22	793	41
9:	4	5	2	12	48	5	1	52	3	829
k = 3, limit = 2000
	0	1	2	3	4	5	6	7	8	9
------------------------------------------------------------------------------------------
0:	956	3	7	3	0	6	8	5	0	3
1:	0	1053	6	1	2	0	0	2	0	0
2:	9	29	871	14	8	4	6	33	11	5
3:	1	5	11	915	2	46	3	10	29	8
4:	1	24	1	0	857	1	5	8	0	86
5:	8	6	1	32	4	806	27	7	6	18
6:	11	2	1	0	5	7	941	0	0	0
7:	0	23	0	0	9	2	0	1025	1	30
8:	8	40	11	27	8	31	18	20	816	30
9:	5	6	2	10	34	7	1	41	1	854
k = 3, limit = 2500
	0	1	2	3	4	5	6	7	8	9
------------------------------------------------------------------------------------------
0:	968	3	5	2	0	3	5	4	0	1
1:	0	1056	4	0	1	0	0	2	1	0
2:	10	27	883	12	8	3	5	27	10	5
3:	1	2	11	936	2	43	0	7	22	6
4:	0	23	1	0	882	1	5	7	1	63
5:	8	5	0	27	10	816	25	7	4	13
6:	13	1	2	0	2	3	946	0	0	0
7:	0	23	0	0	10	1	0	1031	0	25
8:	10	37	6	29	5	34	16	21	824	27
9:	5	6	2	10	36	10	0	36	1	855
k = 3, limit = 3000
	0	1	2	3	4	5	6	7	8	9
------------------------------------------------------------------------------------------
0:	973	3	4	2	0	1	5	2	0	1
1:	0	1056	5	0	1	0	0	2	0	0
2:	12	23	887	13	5	3	6	28	10	3
3:	1	1	7	955	4	30	2	5	20	5
4:	0	22	0	0	886	1	5	7	1	61
5:	6	5	0	32	8	819	24	5	4	12
6:	12	4	0	0	1	3	947	0	0	0
7:	0	22	1	0	11	1	0	1031	0	24
8:	5	36	6	29	6	36	13	18	832	28
9:	4	6	2	9	28	10	0	31	2	869
k = 3, limit = 3500
	0	1	2	3	4	5	6	7	8	9
------------------------------------------------------------------------------------------
0:	975	2	3	1	0	2	4	3	0	1
1:	0	1055	5	0	1	0	0	2	1	0
2:	12	23	885	15	5	4	5	31	7	3
3:	1	1	7	961	4	28	1	5	18	4
4:	0	21	0	0	897	0	3	8	1	53
5:	6	5	0	29	7	823	29	3	2	11
6:	11	2	0	0	1	4	949	0	0	0
7:	0	18	2	0	9	1	0	1036	0	24
8:	5	30	5	29	7	30	9	15	848	31
9:	3	5	0	10	23	6	0	33	4	877
k = 3, limit = 4000
	0	1	2	3	4	5	6	7	8	9
------------------------------------------------------------------------------------------
0:	975	2	2	1	0	2	5	3	0	1
1:	0	1055	5	0	1	0	0	2	1	0
2:	10	23	895	12	4	4	5	29	5	3
3:	1	1	7	967	3	25	1	5	16	4
4:	0	21	0	0	894	0	3	8	1	56
5:	4	4	1	29	6	823	31	3	3	11
6:	7	1	0	0	0	3	955	0	1	0
7:	0	15	2	0	9	0	0	1037	0	27
8:	6	27	3	29	8	24	9	18	860	25
9:	3	5	0	10	24	6	0	27	4	882
k = 3, limit = 4500
	0	1	2	3	4	5	6	7	8	9
------------------------------------------------------------------------------------------
0:	974	1	2	2	0	3	5	3	0	1
1:	0	1055	4	1	1	0	0	2	1	0
2:	9	22	902	11	3	4	4	26	6	3
3:	1	1	7	976	2	22	0	6	10	5
4:	0	21	1	0	893	0	4	7	1	56
5:	4	6	1	27	4	833	26	2	4	8
6:	7	1	0	0	1	5	953	0	0	0
7:	0	15	3	0	7	0	0	1040	0	25
8:	5	27	2	29	7	24	8	15	870	22
9:	4	5	0	9	20	7	0	29	3	884
k = 3, limit = 5000
	0	1	2	3	4	5	6	7	8	9
------------------------------------------------------------------------------------------
0:	973	1	2	2	0	3	6	3	0	1
1:	0	1056	4	1	1	0	0	1	1	0
2:	9	20	910	10	2	3	4	23	6	3
3:	1	1	9	977	1	23	0	4	9	5
4:	0	19	1	0	895	1	5	6	1	55
5:	4	6	1	30	3	834	25	2	5	5
6:	8	1	1	0	2	4	951	0	0	0
7:	0	16	3	0	5	0	0	1045	0	21
8:	5	26	3	27	6	27	10	14	871	20
9:	5	5	0	9	17	8	0	26	2	889
k = 3, limit = 5500
	0	1	2	3	4	5	6	7	8	9
------------------------------------------------------------------------------------------
0:	973	1	3	2	0	2	6	3	0	1
1:	0	1056	5	0	1	0	0	1	1	0
2:	8	19	912	10	2	1	5	23	6	4
3:	1	1	9	974	1	25	0	4	9	6
4:	0	18	1	0	899	1	2	4	1	57
5:	3	4	1	30	2	837	27	2	4	5
6:	7	1	1	0	3	4	951	0	0	0
7:	0	16	3	0	3	0	0	1047	0	21
8:	6	25	4	25	5	22	10	14	881	17
9:	7	5	0	8	18	8	0	27	2	886
k = 3, limit = 6000
	0	1	2	3	4	5	6	7	8	9
------------------------------------------------------------------------------------------
0:	973	1	3	2	0	2	6	2	0	2
1:	0	1056	5	0	1	0	0	1	1	0
2:	6	20	914	10	2	0	4	23	7	4
3:	1	1	8	975	1	24	0	6	8	6
4:	0	18	0	0	904	1	3	4	1	52
5:	4	4	1	31	2	837	25	2	3	6
6:	6	1	0	0	1	3	956	0	0	0
7:	0	16	3	0	3	0	0	1052	0	16
8:	7	24	3	25	4	24	8	14	880	20
9:	7	2	0	8	18	8	0	23	2	893
k = 3, limit = 6500
	0	1	2	3	4	5	6	7	8	9
------------------------------------------------------------------------------------------
0:	975	1	3	2	0	1	5	2	0	2
1:	0	1057	5	0	0	0	0	1	1	0
2:	7	19	915	8	2	0	3	26	6	4
3:	1	1	7	979	1	21	0	6	8	6
4:	0	19	0	0	905	0	4	5	1	49
5:	5	4	1	36	2	833	24	2	4	4
6:	6	1	0	0	1	2	957	0	0	0
7:	0	18	2	0	4	0	0	1051	0	15
8:	6	24	3	27	5	22	7	15	883	17
9:	6	3	0	8	18	8	0	23	2	893
k = 3, limit = 7000
	0	1	2	3	4	5	6	7	8	9
------------------------------------------------------------------------------------------
0:	977	1	3	3	0	1	3	2	0	1
1:	0	1058	5	0	0	0	0	1	0	0
2:	7	17	918	8	1	0	4	27	4	4
3:	1	1	6	979	1	22	0	6	8	6
4:	0	18	0	0	911	0	2	8	1	43
5:	4	3	1	33	3	833	25	2	7	4
6:	6	1	0	0	1	2	957	0	0	0
7:	0	17	2	0	4	0	0	1052	0	15
8:	5	25	4	24	4	23	6	12	890	16
9:	7	3	0	9	17	6	0	24	2	893
k = 3, limit = 7500
	0	1	2	3	4	5	6	7	8	9
------------------------------------------------------------------------------------------
0:	978	1	3	3	0	1	2	2	0	1
1:	0	1059	4	0	0	0	0	1	0	0
2:	3	14	926	8	0	1	4	27	4	3
3:	1	1	6	980	1	17	0	6	13	5
4:	0	16	0	0	914	0	2	8	1	42
5:	3	4	2	30	3	837	24	2	7	3
6:	5	1	0	0	1	4	956	0	0	0
7:	0	17	2	0	4	0	0	1053	0	14
8:	6	25	5	24	5	24	11	10	884	15
9:	6	3	0	9	13	6	0	24	2	898
k = 3, limit = 8000
	0	1	2	3	4	5	6	7	8	9
------------------------------------------------------------------------------------------
0:	979	1	3	2	0	1	2	2	0	1
1:	0	1059	4	0	0	0	0	1	0	0
2:	3	12	927	9	1	1	4	26	4	3
3:	1	1	5	984	0	15	0	4	13	7
4:	0	15	0	0	921	0	0	9	0	38
5:	3	2	2	28	3	841	24	2	7	3
6:	4	1	0	0	0	4	957	0	1	0
7:	0	17	2	0	5	0	0	1055	0	11
8:	5	22	4	24	5	28	9	9	886	17
9:	6	3	1	10	11	5	0	23	1	901
k = 3, limit = 8500
	0	1	2	3	4	5	6	7	8	9
------------------------------------------------------------------------------------------
0:	980	1	2	1	0	1	2	2	0	2
1:	0	1059	4	0	0	0	0	1	0	0
2:	2	12	929	9	1	1	3	26	4	3
3:	1	1	5	985	0	14	0	4	13	7
4:	0	15	0	0	923	0	0	9	0	36
5:	2	4	2	28	3	842	23	2	6	3
6:	3	1	0	0	1	3	958	0	1	0
7:	0	16	2	0	5	0	0	1057	0	10
8:	5	23	4	22	5	24	10	10	889	17
9:	5	3	1	12	13	5	0	23	1	898
k = 3, limit = 9000
	0	1	2	3	4	5	6	7	8	9
------------------------------------------------------------------------------------------
0:	980	1	2	1	0	1	2	2	1	1
1:	0	1059	4	0	0	0	0	1	0	0
2:	2	11	932	9	1	1	3	24	4	3
3:	1	1	5	984	0	12	0	6	14	7
4:	0	16	0	0	921	0	0	8	0	38
5:	2	4	2	28	3	842	22	2	7	3
6:	3	1	0	0	0	3	960	0	0	0
7:	0	15	3	0	5	0	0	1057	0	10
8:	6	24	3	23	6	21	9	9	894	14
9:	4	3	1	12	14	5	0	24	1	897
k = 3, limit = 9500
	0	1	2	3	4	5	6	7	8	9
------------------------------------------------------------------------------------------
0:	980	1	2	1	0	1	2	2	1	1
1:	0	1059	4	0	0	0	0	1	0	0
2:	2	11	934	9	1	1	3	22	4	3
3:	1	1	6	987	1	8	0	6	13	7
4:	0	16	0	0	923	0	0	8	0	36
5:	3	3	2	28	3	843	20	3	6	4
6:	2	1	0	0	1	3	960	0	0	0
7:	0	15	3	0	5	0	0	1057	0	10
8:	6	23	3	22	6	20	9	9	897	14
9:	5	3	0	10	14	5	0	24	1	899
k = 3, limit = 10000
	0	1	2	3	4	5	6	7	8	9
------------------------------------------------------------------------------------------
0:	982	0	3	0	0	0	2	2	1	1
1:	0	1059	4	0	0	0	0	1	0	0
2:	2	11	936	9	1	1	3	20	4	3
3:	2	1	7	984	0	9	1	6	13	7
4:	0	16	0	0	922	0	0	8	0	37
5:	4	3	2	26	2	845	20	3	6	4
6:	3	1	0	0	0	4	959	0	0	0
7:	0	15	3	0	5	0	0	1059	0	8
8:	5	20	4	22	6	20	9	10	899	14
9:	5	3	0	10	16	4	0	23	1	899
