k = 1, limit = 5000
	0	1	2	3	4	5	6	7	8	9
------------------------------------------------------------------------------------------
0:	973	0	3	1	1	3	8	0	0	2
1:	0	1055	5	0	0	0	1	3	0	0
2:	8	14	924	8	2	2	3	18	8	3
3:	2	1	15	954	1	29	0	7	13	8
4:	0	19	0	0	903	1	1	10	2	47
5:	5	3	1	37	4	815	24	1	11	14
6:	7	1	0	0	3	1	955	0	0	0
7:	0	16	4	1	9	1	0	1037	0	22
8:	4	20	12	25	5	22	8	9	883	21
9:	2	4	1	10	23	5	0	26	1	889
k = 2, limit = 5000
k = 3, limit = 5000
	0	1	2	3	4	5	6	7	8	9
------------------------------------------------------------------------------------------
0:	973	1	2	2	0	3	6	3	0	1
1:	0	1056	4	1	1	0	0	1	1	0
2:	9	20	910	10	2	3	4	23	6	3
3:	1	1	9	977	1	23	0	4	9	5
4:	0	19	1	0	895	1	5	6	1	55
5:	4	6	1	30	3	834	25	2	5	5
6:	8	1	1	0	2	4	951	0	0	0
7:	0	16	3	0	5	0	0	1045	0	21
8:	5	26	3	27	6	27	10	14	871	20
9:	5	5	0	9	17	8	0	26	2	889
k = 4, limit = 5000
k = 5, limit = 5000
	0	1	2	3	4	5	6	7	8	9
------------------------------------------------------------------------------------------
0:	970	1	4	2	0	2	8	3	0	1
1:	0	1057	4	0	1	0	0	2	0	0
2:	7	26	905	10	2	2	3	26	6	3
3:	1	2	4	974	0	22	1	7	11	8
4:	0	19	0	0	905	1	3	10	0	45
5:	4	7	1	26	4	831	30	2	2	8
6:	11	1	0	0	0	2	952	0	1	0
7:	0	19	1	0	6	0	0	1041	0	23
8:	6	30	6	28	7	22	9	10	867	24
9:	6	5	1	8	16	5	0	30	2	888
k = 6, limit = 5000
k = 7, limit = 5000
	0	1	2	3	4	5	6	7	8	9
------------------------------------------------------------------------------------------
0:	969	1	3	2	0	3	9	3	0	1
1:	0	1056	4	1	1	0	0	2	0	0
2:	7	34	895	9	3	2	3	27	5	5
3:	1	5	4	971	1	22	2	5	11	8
4:	0	25	0	0	894	1	5	8	0	50
5:	6	9	1	24	5	826	29	2	3	10
6:	10	3	0	0	2	4	948	0	0	0
7:	0	20	0	1	8	0	0	1040	0	21
8:	7	34	8	26	6	21	7	14	858	28
9:	7	6	0	9	9	5	0	34	1	890
k = 8, limit = 5000
k = 9, limit = 5000
	0	1	2	3	4	5	6	7	8	9
------------------------------------------------------------------------------------------
0:	970	1	4	0	0	4	8	3	0	1
1:	0	1057	3	1	1	0	0	2	0	0
2:	7	32	892	10	3	1	3	30	8	4
3:	1	5	5	972	0	23	3	5	8	8
4:	0	27	0	0	891	1	4	11	0	49
5:	6	9	1	26	5	825	28	3	3	9
6:	10	3	0	1	4	5	944	0	0	0
7:	0	27	1	0	4	0	0	1039	0	19
8:	11	37	3	23	4	26	6	14	858	27
9:	6	6	0	8	10	6	0	34	1	890
k = 10, limit = 5000
k = 11, limit = 5000
	0	1	2	3	4	5	6	7	8	9
------------------------------------------------------------------------------------------
0:	967	1	3	1	0	4	11	3	0	1
1:	0	1057	3	0	1	0	0	2	1	0
2:	10	38	880	11	5	1	4	26	9	6
3:	1	5	6	967	1	21	3	7	11	8
4:	0	29	0	0	885	1	5	6	0	57
5:	5	10	2	24	5	821	30	2	2	14
6:	8	3	0	1	3	5	947	0	0	0
7:	0	29	1	0	3	0	0	1035	0	22
8:	10	39	2	30	4	25	8	12	852	27
9:	6	7	0	11	10	4	0	37	0	886
k = 12, limit = 5000
k = 13, limit = 5000
	0	1	2	3	4	5	6	7	8	9
------------------------------------------------------------------------------------------
0:	969	1	3	0	0	4	10	3	0	1
1:	0	1057	3	1	1	0	0	2	0	0
2:	10	40	870	14	5	1	3	35	6	6
3:	1	5	5	970	0	19	3	7	11	9
4:	0	30	0	0	884	1	5	9	0	54
5:	6	11	0	22	5	817	31	5	2	16
6:	9	3	0	0	3	5	947	0	0	0
7:	0	33	1	0	4	0	0	1031	0	21
8:	11	41	3	28	6	21	8	13	850	28
9:	6	8	0	10	10	4	1	34	1	887
k = 14, limit = 5000
k = 15, limit = 5000
	0	1	2	3	4	5	6	7	8	9
------------------------------------------------------------------------------------------
0:	967	0	4	0	1	5	10	3	0	1
1:	0	1057	2	1	2	0	0	2	0	0
2:	9	43	869	13	6	1	4	31	6	8
3:	1	7	4	967	0	18	3	8	13	9
4:	0	33	1	0	885	1	5	4	0	54
5:	4	12	0	28	5	815	29	4	2	16
6:	9	5	0	1	1	7	944	0	0	0
7:	0	33	1	1	6	0	0	1027	0	22
8:	9	43	2	28	7	21	9	13	847	30
9:	7	9	0	12	10	2	0	32	1	888
k = 16, limit = 5000
k = 17, limit = 5000
	0	1	2	3	4	5	6	7	8	9
------------------------------------------------------------------------------------------
0:	967	0	3	0	0	6	11	3	0	1
1:	0	1057	2	0	1	0	0	3	1	0
2:	10	43	862	14	7	2	4	34	7	7
3:	1	8	4	964	0	19	3	9	13	9
4:	0	34	0	0	885	1	4	3	0	56
5:	4	14	0	27	5	807	32	3	3	20
6:	8	5	0	0	3	4	947	0	0	0
7:	0	36	1	0	6	0	0	1025	0	22
8:	10	45	2	30	6	24	10	14	838	30
9:	8	9	0	11	12	2	0	29	2	888
k = 18, limit = 5000
k = 19, limit = 5000
	0	1	2	3	4	5	6	7	8	9
------------------------------------------------------------------------------------------
0:	968	0	3	0	0	5	11	3	0	1
1:	0	1056	2	1	1	0	0	3	1	0
2:	10	47	860	14	7	1	3	32	8	8
3:	1	10	4	959	0	21	4	9	13	9
4:	0	35	0	0	877	1	4	4	0	62
5:	4	14	0	27	6	802	33	3	4	22
6:	9	6	0	0	4	4	944	0	0	0
7:	0	37	1	0	5	0	0	1024	0	23
8:	11	48	2	32	6	17	10	13	839	31
9:	7	11	0	11	11	3	1	29	2	886
k = 20, limit = 5000
